#
#	@(#) modes.list 11.1 97/10/22 
#
#	Copyright (C) The Santa Cruz Operation, 1997.
#	This Module contains Proprietary Information of
#	The Santa Cruz Operation, and should be treated as Confidential.
#
# This modes list comes from `CL-GD5465 Technical Reference Feb 97`
#
# This list is used to generate a grafinfo file.
#
5F	640	480	8	60
5F	640	480	8	72
5F	640	480	8	75
5F	640	480	8	85
5C	800	600	8	56
5C	800	600	8	60
5C	800	600	8	72
5C	800	600	8	75
5C	800	600	8	85
60	1024	768	8	60
60	1024	768	8	75
60	1024	768	8	85
64	640	480	16	60
64	640	480	16	72
64	640	480	16	75
64	640	480	16	85
65	800	600	16	56
65	800	600	16	60
65	800	600	16	72
65	800	600	16	75
65	800	600	16	85
64	640	480	15	60
64	640	480	15	72
64	640	480	15	75
64	640	480	15	85
65	800	600	15	56
65	800	600	15	60
65	800	600	15	72
65	800	600	15	75
65	800	600	15	85
74	1024	768	15	60
74	1024	768	15	75
74	1024	768	15	85
75	1280	1024	15	60
75	1280	1024	15	71.2
75	1280	1024	15	75
6D	1280	1024	8	60
6D	1280	1024	8	71.2
6D	1280	1024	8	75
71	640	480	24	60
71	640	480	24	72
71	640	480	24	75
71	640	480	24	85
74	1024	768	16	60
74	1024	768	16	75
74	1024	768	16	85
75	1280	1024	16	60
75	1280	1024	16	71.2
75	1280	1024	16	75
78	800	600	24	56
78	800	600	24	60
78	800	600	24	72
78	800	600	24	75
78	800	600	24	85
79	1024	768	24	60
79	1024	768	24	75
79	1024	768	24	85
7B	1600	1200	8	60
