#
#	@(#) modes.list 65.2 97/07/25 
#
#	Copyright (C) The Santa Cruz Operation, 1996-1997.
#	This Module contains Proprietary Information of
#	The Santa Cruz Operation, and should be treated as Confidential.
#
#
# This modes list comes from `CL-GD5480 Technical Reference Oct 96`
#
# This list is used to generate a grafinfo file.
#
#5E	640	400	8	70
5F	640	480	8	60
5F	640	480	8	72
5F	640	480	8	75
5F	640	480	8	85
5F	640	480	8	100
5C	800	600	8	56
5C	800	600	8	60
5C	800	600	8	72
5C	800	600	8	75
5C	800	600	8	85
5C	800	600	8	100
60	1024	768	8	43i
60	1024	768	8	60
60	1024	768	8	70
60	1024	768	8	75
60	1024	768	8	85
60	1024	768	8	100
64	640	480	16	60
64	640	480	16	72
64	640	480	16	75
64	640	480	16	85
64	640	480	16	100
65	800	600	16	56
65	800	600	16	60
65	800	600	16	72
65	800	600	16	75
65	800	600	16	85
65	800	600	16	100
66	640	480	15	60
66	640	480	15	72
66	640	480	15	75
66	640	480	15	85
66	640	480	15	100
67	800	600	15	56
67	800	600	15	60
67	800	600	15	72
67	800	600	15	75
67	800	600	15	85
67	800	600	15	100
68	1024	768	15	43i
68	1024	768	15	60
68	1024	768	15	70
68	1024	768	15	75
68	1024	768	15	85
68	1024	768	15	100
69	1280	1024	15	43i
69	1280	1024	15	60
69	1280	1024	15	75
69	1280	1024	15	85
6D	1280	1024	8	43i
6D	1280	1024	8	60
6D	1280	1024	8	75
6D	1280	1024	8	85
#6E	1152	864	15	70
#6E	1152	864	15	75
#6E	1152	864	15	85
#6E	1152	864	15	100
6F	1600	1200	15	48i
6F	1600	1200	15	60
71	640	480	24	60
71	640	480	24	72
71	640	480	24	75
71	640	480	24	85
71	640	480	24	100
74	1024	768	16	43i
74	1024	768	16	60
74	1024	768	16	70
74	1024	768	16	75
74	1024	768	16	85
74	1024	768	16	100
75	1280	1024	16	43i
75	1280	1024	16	60
75	1280	1024	16	75
75	1280	1024	16	85
77	1280	1024	24	43i
77	1280	1024	24	60
77	1280	1024	24	75
78	800	600	24	56
78	800	600	24	60
78	800	600	24	72
78	800	600	24	75
78	800	600	24	85
78	800	600	24	100
79	1024	768	24	43i
79	1024	768	24	60
79	1024	768	24	70
79	1024	768	24	75
79	1024	768	24	85
79	1024	768	24	100
7B	1600	1200	8	48i
7B	1600	1200	8	60
#7C	1152	864	8	70
#7C	1152	864	8	75
#7C	1152	864	8	85
#7C	1152	864	8	100
#7D	1152	864	16	70
#7D	1152	864	16	75
#7D	1152	864	16	85
#7D	1152	864	16	100
#7E	1152	864	24	70
#7E	1152	864	24	75
#7E	1152	864	24	85
#7E	1152	864	24	100
7F	1600	1200	16	48i
7F	1600	1200	16	60
